011010100
011100110
0010010010
011001100
000001100
010011000
101010110
00100001111
100110
111000000
00100001110
011000111
00010101
000010100
101011000
11001100
011101100
010111100
00100010010
011001101
11011010
100100
10001101
0000010
010111001
011001000
110111100
1011111011
0100010
01010101
011010011
00110110
1110101101
00110111
110101100
011101101
010111010
110000100
10000111
011001111
1101101110
11000111
0111101
0011000010
00011101101
0001111101
011111
10111100
1010001
1011111010
01001111
1001010
011010010
01101100
1011000111
00101000101
00101000100
01111001
010111110
011010000
1010110011
0011111
00010100001
0111101
00110110
11010001
0010000000
0000101101
0000010
010010100
00010101
0001011000
1110100
00100101010
1111111100
00110011010
011101111
1101011011
00110010110
011101111
0011111
001101001
00001110101
001100010
10101101
0000010
110110110
010111110
00100110001
00100110000
0100000
11011111
011001010
1100100001
1110100
1101001010
100111
0100001
1010001
10000101
011101100
011011011
010111001
00010000010
111100011
00111001
1001011
00000011001
01001111
01010101
0001010010
00000011000
110110001
1111010010
1110100
01111000
10001101
1110011011
101110100
000010101
1011000110
01111000
101111011
101110001
111000111
0001000011
011001001
001101001
11101101
100110
01101100
10001010
011011101
011000011
00101000111
0000011100
10001111
01110010
00101001100
1010110010
0111101
100110
01110010
00001101
110001101
00101010110
110110110
01011000
11100111
101010110
01011010
01010110
01010110
010001100
011010010
1110101100
00100011010
111011000
001011100
00111001
00100010110
0000100110
1001011
00010011100
010100011
110000101
0100000
0001011111
011010011
111110110
1111111011
100100
0010111100
01101100
100111
010110111
01010010
011101110
01011000
10001001
010010100
010100111
0001101001
000110111
00011001001
1101110100
0001001111
011101001
00110101
000111000
000111101
00110010001
11100111
011000110
010100000
00010111011
110000110
100110
00111010
0000010
010111110
0000010
00001101
00010110011
00100100110
00100100011
00100100010
011001110
011100111
110101011
001001111
11000000
1100100000
00001001111
111000011
011001011
00111000
0010011101
010010010
01110000
01011010
00011101100
10000001
01000111
100100
1110000010
10000101
00110000111
00001100001
111001011
00111000
011101111
01101100
1010001
100100
00010101
00111010
00110110
100111
0001110101
100100
00000000001
10001111
1111110110
011101000
0000010
1010001
01101011001
10000110
0100010
110101100
110110011
00100001101
110111101
0100000
1110101111
0000001101
00100001000
010110111
0010011001
01110101
00110011111
0010010010
1111100
00111001
1001010
11111010
100110
00111000
011001101
010010001
011011101
011001000
10001111
01011010
11000000
100111
1111100
1110011010
1111010111
1100101000
0100001
00000011100
010110011
1010001
110010101
101110010
110010111
011011111
0100010
011010010
101111110
1100101100
010011001
11010111
0001111110
001000111
100111
01100000
010011010
00010101
1110001101
101101111
11000000
011010111
00101000110
010101111
100100
1111001010
0001010010
0000010
100111
1010100
000100011
10110011
011100110
00101110111
101010101
011111
10000010
0000010
010011010
0000010
00100110111
00001000001
110001011
0010011010
01100000
110001010
1011011010
010100011
1010101000
00001101
100110
0000100011
0001011111
110001001
011001111
0000011010
10000100
1010111101
1010101111
010100000
10001011
011011110
100100
100111
11100100
00111101
00010100000
1110101011
01111000
010110010
01001111
1111001100
11011010
00111000
110010111
001100010
010111000
011001110
10101110
11010001
1111110101
10000011
0010001000
00100000110
110010001
0100010
00001100101
00100000101
111001010
011101000
1010010
00111101
0000101100
00111001
1010001
0010001010
01011010
10111011
111011111
1101001101
10000011
0000101101
00001100110
00101111110
00101101011
00101101010
1111100
011000101
1010000
001100010
01100000
011001110
001100010
01001011
0001001101
100100
101100000
00001110001
111111100
1010000
1010011
1011001001
1001011
011111
000010100
011111
11111010
100111
011001111
000001100
0010101101
00110100010
00101100010
111000111
110001001
0001101011
010100010
1101011010
010100010
11101101
011100111
00101010001
100111
10001000
011011011
00010101
011111
1001011
01110101
100111
00011011000
1011001011
010011010
0010111101
00110011101
00110010111
10000001
011010100
11011111
110000110
011111
100100
111100011
0001100010
010010000
0010111110
00101011111
1011010111
011011010
011011100
01000111
1111101110
010010001
10111011
000110111
000111000
00111001
0100000
0100001
00001110100
0100010
01110010
11000111
00010111101
101110010
10000100
11001101
000100011
011111
1101110011
100100
0100000
00001110110
111011001
011000100
10001000
00100101100
100111
001100011
01110010
100110
1010001
00110010000
10101101
00111011
00111101
011001011
1010000
111011001
00010010000
001100011
010100001
1010100
00110110
00010111010
01010100
10000110
0100001
01010010
1101101111
0001111101
0001011100
110000111
000111000
1010010
1010001
10000010
00010110010
00100100111
011011111
00001101
100110
000010010
010101111
010100000
01010101
10000101
1100000101
1100000100
1010100
10001110
1101001111
00110110
11011010
1010000
1101001110
0100010
00000000111
1110100
1010000
00000000110
00100100001
10001011
00111001
011111
00100100000
1100100101
1100100100
011101101
01111000
01010100
0111101
1101001001
010001100
1101001000
011001100
00111001
110010011
110110001
110001010
00101000011
0111101
110101010
00101000010
01110101
01010010
01110000
00111101
000111001
0011111
011010111
10000100
00111011
1101001011
101110001
00001001110
10001100
000000101
0000001101
00010110101
11111010
1001011
11100111
00010110100
011001010
0010001010
00000010011
00000010010
010010011
00101100111
0001000011
111001011
01010101
101101001
101101000
11100111
10000110
000111000
0001011011
0001101001
00110111
10000000
11101101
011101101
00101100110
010111000
011101000
0010011100
1111100
11001100
0010111101
1110000011
00011111001
0001111110
111111100
000111100
0001001111
000000101
0000001000
011001100
00011111000
00110000110
00110101
10111011
011111
11100100
001000111
11000111
110100001
001001111
110100000
00010000011
01100000
00001100000
00111000
11010001
010111101
00000000011
00000000010
00000000000
10001011
100100
1111110111
01100000
00111010
011000011
10001101
010011000
001100000
0100000
0100000
001100000
0001110111
10000000
0000110001
00101000001
010011100
1010011
1010010
01111000
00101000000
01101011000
000000101
010011101
1011111001
010111000
11010111
01010100
100111
00110111
100110
1011111000
0100000
00100001100
011100011
11010100
010110011
10000000
110110010
1110101110
010010101
011000111
000100010
011111
10000000
00111011
00100001001
010111011
11100100
1111010101
11000111
11001100
11001101
1111010100
1111000011
110110000
100100
10001110
011001001
1111000010
00111101
01111001
00001101
1010010
011111
1111010000
1111010011
01010010
00110011110
1111011001
1111011000
001100011
0011000010
011011110
111100000
1010100
00110111
01010110
0000110001
011001101
011001011
01010101
1011101010
10110011
11001101
00010100011
00001101
0100000
11011111
000011110
00010100010
111001100
111110110
111101101
0010001000
010011101
111000000
110110000
10001000
010100010
0011111
100111
1111010110
010100110
000111101
00000011101
110111011
100100
1111111110
0011111
00111100
0111101
1011111111
1010011
1011111110
101110011
000111100
1100111011
1100111010
1100111001
1100111000
11010100
001000111
1100101101
1111100
001000111
1010010
010011101
01001011
00011111110
000111001
00111101
1100011001
1100011000
00010000101
00010000100
010010101
10000111
0000111001
101111010
011111
0001011100
1010011
10000101
110000101
0001100011
1110001100
0001001001
1111011101
0001001011
1111011100
1011011100
1111011110
00111011
100110
10111011
00000011111
00000011110
01010100
00000111111
100111
000010111
01001111
00000111110
10000111
010010010
011000100
00000111101
011000101
10000010
000010111
000111101
0000010
10000001
010110010
1001010
010011011
010101110
00000111100
110010011
00110110
00101110100
00111100
10001000
1111001111
01001011
1111001110
1111001011
0100001
1100010001
10000100
001101001
011000110
010100001
10000110
1100010000
011010101
011100010
011000010
00101110110
1110100
011010100
00101001111
00101001110
100100
10000001
00000001111
011111
1010001
0001100010
00111100
1010000
01110000
010011100
100111
00000001110
010110011
000011110
010100001
1010011
011111
0000010
01010010
0001011011
1010011
000100010
011000111
0100000
0000111001
101011111
00101001101
0100010
00100110110
1011011001
100110
00111100
1010011
010111111
10001100
1011011000
10110011
1001010
0000100010
00110101
01011000
011100111
101101111
1010010
0111101
0001011000
0100000
00001000000
0000011010
0011111
0111101
010100011
1011011011
011010000
110101011
101110100
10001101
11101101
001011100
000111100
0111101
0000100001
110001101
10001010
1110001001
011010101
010011011
100111
1010100
010010000
0000010
10000111
011011101
1110001000
010101110
0100001
011100011
01011000
010111101
110100001
1010100
0100001
1010100
1010101001
0000000110
10000011
101110011
01111000
010011100
01110101
0000000101
1001011
010101110
00010101
10001011
00000110111
00110111
1010100
1110100
00000110110
111100100
0000100110
000010111
0000001000
00110101
00101010101
00101010100
000111101
110010001
001011100
011011100
000111001
000010101
11010100
00000001001
01010110
011011010
000110111
11111010
001001111
110101010
10111100
00101110101
011011100
010110111
00000001000
10110011
011101100
0000010
0010000101
110011111
000110111
10000011
0011111
011100010
00101010111
000011110
1010111100
1111011111
11001101
000010100
1011011101
00111010
110011110
00110111
01010101
0011111
111101101
1010101110
1011000101
1011000100
111100000
00011111111
01110000
00111100
010101111
001100000
010100110
1010010
1010000
10000010
0100010
01001111
100100
010011000
1110101001
00111011
1110101000
0011111
00110111
1110100
01011010
000010010
1111100
011010001
011000110
000110011
1110101010
01110000
0100000
1111111111
10000010
011000100
1111001101
1100101001
0000010
000100011
010110110
00010101
1110001011
00111010
0100010
1110001010
0011111
1011101011
00111000
010010100
011011010
011111
11010111
100110
110010101
00000111011
00000111010
0110101101
100100
11011010
0010101101
1111010001
011000010
01110010
1111110100
1010100
10001110
0010001100
10101110
00010000000
100111
00100000111
00100000011
00100000010
1001011
0001010011
0010011100
0010010100
011001000
010111100
01111001
0000010
1001011
010001101
00111101
0111101
0011111
1110100
100110
00001100100
00101100100
11010111
111100010
010111010
10001100
00110101
011111
010111111
00100000100
010111111
1111110010
11010100
0001110100
00100010111
10000110
1110111000
010110110
110110010
0010010100
00000000101
00000000100
01001111
0011111
10001110
1110111011
100111
01100000
10001010
01111001
01101100
1001010
1110111010
010010011
1100000111
111000010
1100000110
01110101
1101001100
1110111100
1010000
000010101
011111
000100010
1111110001
010111100
1001010
1111110000
00010010101
00010010100
10001000
000001100
0001001011
00001111101
010111011
01011000
00001111100
1010010
1111100
010010101
1111100
00001111110
101101001
11000000
011010111
001001111
100110
00101001011
01101100
011111
111011111
00101001010
00101001000
10101101
011010000
0001001001
111000010
1011100001
0001001101
010011011
1010000
1011100000
011101110
101111110
01011000
0001110111
10001111
00011000011
00011000010
011100110
011000010
00001110000
011010011
010111011
011111
0000010
100110
10001001
0010111100
011011011
010100111
00101101000
10001010
00110101
10111100
100110
0000000101
010001101
00101101100
110011110
100111
0100001
00110010010
01000111
1001011
001011100
01110000
011010101
0100000
1011010101
1011010100
0010000101
110000111
01011010
00011001010
1111111101
0000100011
010110010
11011111
0010011101
1111111010
000110011
00101100001
00101100000
01110101
11001100
110111101
01010010
010010001
0100010
011101001
1001010
01010110
0000101100
10001011
011101001
101011111
011100010
010011001
00010101
00111100
11100100
00011011010
0000000110
01010100
01000111
0010111110
001101001
011000101
0010001100
101100000
1011001000
000100010
00110100000
00110100011
011101110
1001010
0010101100
00101101111
00110101
100100
00101101110
00110110
00011010001
10001100
00111011
010001101
10000001
00001101
000010111
10000011
00011010000
10000000
000111001
010010011
011010001
111100100
0000011100
0001101010
010010010
000010010
00110011001
00110011000
010100111
01010100
0100001
011011111
110110011
10001001
010111101
00110011011
0001101010
0100001
11010001
0001100000
0010000000
000110011
00101010000
011111
100100
000001100
00111010
00011011001
0111101
10001001
000111100
101101000
00111100
00111010
0011111
01001011
010111001
10101110
00101100011
100110
010100110
111100010
00101010011
10001100
00110100001
0001100011
010111010
101010101
0001110100
10101110
10001010
00101010010
00011011011
1011001010
00110010101
00110010100
110100000
00011001011
0001100000
1001010
111001010
00110011100
00110010011
1010011
000010100
00101101101
0100010
10000101
00111011
110111011
1001010
01000111
000110011
111001100
01000111
011010001
0000100001
0010011010
0100010
0011111
01111001
00101101001
0010011001
1010010
00011001000
101011000
000011110
111000011
00111000
001100000
00101011101
010110110
10001001
010011001
00101011100
001100011
00101001001
00101011110
01110010
110000100
00001111111
100100
0100001
10001111
01001011
1101110101
10000100
00100101011
011011110
011001001
10000111
10001110
1011010110
101111010
000100011
011001010
00101111111
0100001
1111101111
101111011
000010010
00001100111
0001101011
1011000011
110001011
00001101
1110111101
1011000010
00010011101
01010110
0000100010
1010011
00010111100
1101110001
0001010011
100110
010010000
0100010
100110
111011000
0100001
1101110000
1110111001
010001100
1101110010
01001011
1111110011
011100011
00001110111
110011111
00101100101
000010101
00010011001
00010011000
10001101
0100000
0001110101
00100101101
000000101
00010000001
00100101111
0010101100
011000011
00100011011
10111100
110111100
011111
10101101
00100101110
00100010011
0011000010
