1000110
000100
01011001001
110101
00011010
01010
0001100
011110011
00000
1010111
0010100110
000111
00000
1010110
0011001
1010111
101001
010001
0100001
01001
01100110011
101010
10000
00100110
00111101
001001111
000111
001010010
100110
01001
11001
101010
000010
11001
1110111
1111100
1000100
0011101
011100000
1010111
00000
000100
000100
100110
000111
01100100
01001
01011010
1101000
11100010
11000
001100001
001010001
01001
001100011
10010010
10010101
001011
000010
101110
001011
01011100011
01001
011111
001010110
00000
011000
01010
0100001
0101110000
000100
01001
01010
00010110
101001
11001
1000101001
10010010
01100100
01011000
001011
101001
101110
0011101
1011110
0001010
01001
00011010
01000000
000011
001011
10000
01101111
0011101
10011110
000010
11001
101010
10000
11100000
01010
11110
10001011
000100
01100100
110100111
00100101
1101101
1111100
011111
01100110010
011000
10000
00000
1010000
111000111
000011
001101
000010
01010
001000
011001101
10000
001100001
00111110
00011011
11110
010001
011111
11110
1000111
0110011000
000011
1101000
01001
11000
10000
01010
001011
100110
0110110
000010
01110011
0111010
0001100
00111101
001100000
1101101
110101
11001
10011100
10110
000111
000100
01011100010
10010100
110100111
10010010
10000
11011100
000011
101010
0111101
11011101
000010
1010000
101110
000111
00111100
001000
110101
001100001
0001100
0001010
00111111
011011100
01011000
10110
1101111
00100110
000010
00000
0001010
010001
10110
00100101
0110110
001101
01110011
000111
11000
000011
11110
00010110
0111000110
10010101
001101
11110
11000
11110
00000
100110
0110101
0101111
001100011
01000001
100110
00000
10011101
1110111
11001
11110
000100
01010
1011110
10110
11011000
01010
01011100110
01011011011
001000
11110
1010110
101010
110101
111011000
101010
10110
11110
1000111
110101
01101111
101110
00000
00010111
10110
0011001
01110011
00011011
10110
10000
00011011
101001
00000
00000
00000
0101101100
11000
10001011
1000110
01001
101110
1000111
10110
011000
1111101
01010
0111010
100010101
001001110
111010000
011001101
01001
011111
011111
011111
010001
0001100
00111111
0110101
0100001
000011
1000100
001010010
100110
10001011
00000
0011100
00000
01001
1011111
000011
00000
11001
111010001
01111001001
01010
0111010
10110
0110100110
101001
10000
01000000
0001010
0111101
101110
101010
01111001000
1111110
01001
10010101
110100110
01010
010001
1010000
001010010
010001
001000
11001
00100100
10011111
101110
000010
001011
11000
111010111
000011
00100100
1011111
1111100
10010111
101001
01001
1111110
001010000
00000
01010
001011
11000
10000
00010111
00000
1101101
00000
0110101
1010110
00000
011000
0010100111
001101
101001
01100100
0111101
01010
10000
011111
10011110
0001010
001011
000111
100010101
0101111
001011
00011010
10010110
001000
01001
011001011
1010001
11101001
1001000
01001
111010001
00101010
000100
10010101
11101001
110101
11110
000010
101010
00000
000010
0001100
00000
10110
10110
001010010
011111
000011
1110111
1010110
10000
01001
1000110
0111101
00000
00000
000010
00100101
000100
01000001
011001010
1010000
000011
111010110
001000
11000
11001
0111101
001011
00111111
1111101
00000
00101010
000111
011111
01000000
1101111
000010
000010
00111101
00111111
11100000
1101101
0011100
00000
010001
11001
1010001
10000
11100000
110101
0111100101
11101001
01001
1010111
01010
011100001
001011
00000
1111110
111001111
10001011
01010
00000
00000
000100
01010
001100010
00111110
0010100110
0110110
1011110
001010000
11110
10000
101001
01010
001000
1111111
10110
1011110
1010111
00010110
100110
111001110
01001
11110
00011011
10000
011101101
0011101
001101
0001010
11001
10110
00000
00011010
10110
001010001
0011101
0110101
0110101
0101111
0011001
011100001
011101100
1000111
01001
1101000
110101
011001011
00000
10110
11000
001000
000011
001011
11100100
00101010
011010010
110101
10110
1101000
0001100
110101
100110
11110
01010
1111101
000011
011000
11001
0110100011
01010
101001
010001
11100000
0011001
000011
0001010
0100001
111000110
01000001
11001
00000
01111000111
1010000
000011
0101111
0001100
000111
001000
011000
11001
0110100010
000010
000100
0001100
1111111
1000110
0100001
1011110
00010111
0100001
000100
011111
10010110
0010100110
111001011
011111
0110101
10010110
1001000
01010
001011
01001
101010
010001
010001
0011100
0001010
000010
000010
11001
111001010
01001
001000
11011101
0101101110
101010
0011001
001000
10000
001101
001100010
11110
001101
11000
1000111
01010
11000
110101
00000
01010
00101010
110101
01001
11011100
01000000
001000
1111100
011011100
11110
01001
0101101111
000111
01000001
11011001
00010111
1101101
10000
111011001
0110101
00000
0011100
000010
0111101
000100
000011
00000
11110
001011
001101
00000
00011011
000111
011101101
00011010
0111101
0101101110
01101111
1011110
11000
011000
1000110
101110
001000
00100100
01010
00000
11000
10010101
001010110
011101111
10001011
10011100
111001110
001001111
010001
001100000
001101
0111010
000010
110101
01111000110
011111
011000
000111
000010
11101010
1000111
101010
11110
01010
000011
1101101
11001
11001
10110
000010
11100100
00100110
1011110
11001
01011010
01010
000011
11010010
00000
1101111
01001
001000
01001
111000110
11000
1010111
0111100101
1101111
1011110
111011011
00000
001000
1001000
11110
10110
11000
11001
001011
11011100
01010
001000
101010
110101
011101110
11001
11000
1010111
01101111
110101
0001100
0110110
10110
000010
101010
1011110
01001
0011001
11001
000100
0011100
11000
11011000
1010111
10011111
100110
101001
001100011
0100001
00000
11110
1000110
101001
10010110
01001
0101100101
11000
0001010
100110
00000
00100100
0011100
001011
01001
1010110
01010
100110
11011001
01110001011
001010001
000100
11000
011010000
101010
011000
001000
11110
001000
011000
11101010
000111
01110001010
10000
000010
001000
00111100
000100
10010100
01001
1001000
000010
01001
1110111
0111010
111001111
1010000
001010010
1011111
0011101
00000
1001000
001101
0011100
111001111
00100100
101010
0110110
001000
101010
0011101
01001
001100000
001011
00111100
10010011
001101
10010111
00011011
001010111
10000
0111010
11000
001000
000010
0011001
0101111
01010
0011100
001011
0011001
11001
00101010
00111100
10010101
01000001
11001
000010
000011
001010001
11101001
0110100110
010001
1101101
000100
11000
0111100010
01000000
11110
0001100
001100011
011010000
111010111
1001000
001101
1011111
00111111
011011100
101001
01010
1000110
01110011
011101100
00000
10011101
11001
101010
01100100
0111101
1111101
00000
01001
00111110
11101001
001000
0001010
01011001101
0011001
110101
0111101
0011101
100110
000011
000010
0100001
0101111
01011001100
001000
011101101
1010000
0100001
001000
01010
0101110101
000011
0101110100
1011110
0101111
01100100
11011101
011101101
1000110
011000
000111
01001
000011
0011101
1000100
000010
10110
01011010
0100001
000011
01110010
111001101
001101
0110101
1110111
11000
11000
001011
01011010
10010011
01100100
11011101
11010010
000111
001011
11000
1010001
1010110
01001
101001
0110110
011000
0011101
011110011
1010001
101110
10110
001101
1111101
001101
011000
10011101
110100110
11001
00010111
1101000
111001100
01010
11110
11001
0011101
111010000
011111
0101111
000011
011010010
011011100
011000
001011
110101
00111111
11000
000111
00000
10000
10110
1111101
1000100
11110
00111110
001101
1011111
001011
000011
01001
11000
111000110
11110
0111000100
101110
00100110
0111010
10011101
001101
00000
10000
1011111
0111101
11010010
101001
001011
000111
01110001111
000011
011111
01010
00111101
011111
011000
001100010
001000
10011101
11000
11001
11011001
10110
011100000
000011
1000110
000111
11000
11110
10000
01001
10010111
10011100
111010111
101001
1010001
10010110
011000
0110110
0100001
1000110
101010
111011011
0011100
01000001
11110
10110
01010
000010
0101111
1000110
001010111
00111110
0001010
000100
00111110
1111111
110100110
000010
001011
011101110
001000
11110
010001
001000
1010000
111000011
000100
1111101
011111
10011110
00010110
00000
10011110
01001
1010110
110101
0101101100
10011100
0011001
11000
00000
00000
00011010
00100101
001101
011000
11100000
111001101
011101111
00000
00010110
001011
01010
11001
010001
001101
10110
1111100
01010
01110001110
01101111
10001011
000100
1010111
1000111
0101111
0101110100
001101
01011000
10000
000111
001010111
001011
000010
001011
1010001
11000
10010110
10000
10000
001101
1101000
001010110
011000
1000100
011111
00010110
0110011111
1111110
010001
011101100
00000
100010101
0100001
0010100111
11110
10000
100110
01010
000100
101110
1111100
00100101
001101
0101100101
11011100
1010001
111011001
1000110
0110011110
101010
11011000
1011111
101001
0001100
00000
011111
10011100
111001100
1111100
000111
00010110
000011
00000
00000
10010111
000100
11110
011100001
1000100
1000111
011111
11011000
01011000
00011011
010001
0101111
00000
0110100011
0111101
01010
10000
0111101
10110
0001010
011000
000111
111000010
1000100
00011011
011111
010001
01001
011101100
001000
00100101
000010
11100100
11110
010001
11101010
00100100
001011
10110
01110010
11001
01001
001010110
1000111
1101101
1111110
11000
001100010
111011010
011000
011000
0111010
01001
100110
01000000
010001
100110
101010
011001010
10010101
00000
101110
1000110
0110100010
10110
10000
001000
01011000
0011101
01010
001011
000011
000100
1010000
00000
111000011
00111101
01001
001010110
001000
1111110
000011
01010
00000
01001
101001
1101111
1101101
000011
00101010
010001
0111010
11110
1010001
1000110
11100000
01111000001
1101000
000111
011101110
0101110000
01100100
00000
11001
01010
000010
10011100
011111
00111110
0001010
10110
0111010
10000
01111000000
011000
0011101
100110
10000
01110010
0110011101
01001
001101
101110
1011111
001101
1000100
11101010
10010010
101001
01001
101110
000011
00100100
001001110
001011
111000010
00000
000010
1000111
11100100
001011
0110110
11001
10000
101110
1000101001
001101
0110101
101110
011111
01111000010
010001
01110011
00000
00000
10110
1101101
011010010
10110
00000
1111111
0111010
001100011
011010010
1111100
10000
0101111
011000
11110
01010
1101000
1111110
000100
10110
000100
10000
0001100
00100110
0001010
01010
01101111
01011000
001000
10010010
11110
011000
10011111
100110
011111
00101010
10000
11110
011111
11100010
01001
000100
10000
001101
0110110
01101110111
01001
11011001
01001
10010111
0111010
0110011100
000010
01000000
0110110
1111111
0111101
1111101
000010
101001
0111010
000111
1110111
000111
000111
10011111
1101111
01010
0011100
101110
00111110
011000
110101
0011001
011100001
1010110
10010110
0110101
00100101
10110
10010111
01101110110
10110
10001011
1010001
01010
1011110
011000
00111111
11110
0111010
000011
10000
10000
0011001
01011000
1101111
0110101
00011010
10010011
1010001
000011
1000111
11011101
11110
0001010
11101001
01001
10110
10110
000100
10000
01110010
11010010
1101111
111001110
0011100
011001011
11011000
11101010
000011
000100
000010
1010111
00100110
0110110
010001
01001
10110
101010
0101111
11001
10000
001000
00000
001001110
000100
1010001
11000
111011000
1111111
10000
00000
10110
11110
000100
100110
0111010
000011
00000
1011111
1001000
0011100
0011001
0101110110
000011
101110
11000
111000111
00011010
11001
11011000
1111101
011101111
00100101
10110
01010
01101110101
01001
10000
01011010
000010
101001
11001
00000
01101111
10000
0011100
0100001
11000
0100001
01010
01000000
10110
11001
00111101
00000
011000
0111101
10010111
10010100
1111110
0101110110
00000
1001000
10110
1011110
1000100
00101010
000100
11110
1111111
101010
10000
11001
000111
111011000
0011100
01000001
0101111
00000
1111100
01101110100
0110110
00100100
001101
010001
1101111
0011101
1001000
01000001
1010110
001001111
001101
000111
01010
010001
10000
100110
000011
110101
001101
10000
10000
0011101
00000
111011010
10000
00100110
11100100
11001
0111010
00010110
1000111
000011
101010
10110
01010
10011101
0110011110
000011
011001011
01011100101
000111
10011111
11001
1101000
00000
110101
001001111
1010000
10010010
101110
0110110
01011100100
000011
111001011
000100
01001
01001
011111
000111
0101111
00000
001101
010001
000011
001011
101001
00000
10000
11100100
11011100
011100000
1010111
00111101
10001010001
1000110
000100
0100001
1010111
1110111
000100
000100
000111
10110
10010010
11001
0111100010
001001111
10110
10000
1010000
0101110101
1010110
0011001
0110011000
01010
0001100
01110010
11001
0001010
0001010
1000111
000100
0001100
01001
001101
10110
00100100
11110
00010111
00111100
0001100
1001000
000111
1110111
0001100
100110
00000
101010
111001011
00000
01001
111001101
00000
10010100
01000000
010001
01010
101010
001100001
000010
10010100
001100000
01010
10001010000
0011001
11000
00010111
0001100
11100010
101110
1101111
100110
010001
01101111
11110
111010000
111010110
00000
001001110
1111100
11000
10011110
000100
11100010
10000
01001
10000
10000
00000
010001
0110110
001011
0111101
01001
001010000
01110010
101110
11001
000010
011000
10110
11001
00100110
110101
011111
111010110
0111101
00000
10000
01010
10010011
10010011
011111
10110
11110
1011111
001000
1010110
1001000
1000100
11101010
1110111
01011100111
101110
101001
101001
10011110
10011110
011110011
1010000
00011010
11110
00100110
011111
1010000
01111000011
000111
01110010
101001
1010111
01110011
10000
0011001
000010
00111101
101001
11000
100110
001011
1111111
00000
10000
000010
00000
01011011010
11000
00111111
11000
00111100
011000
000100
1111111
010001
11001
001000
001011
00111101
110101
0001010
11001
000010
001011
001100010
0011100
0011101
01010
010001
1101000
01011101111
1000100
10011101
00010110
01011101110
01101001111
10010100
10110
10000
1010001
0011100
00101010
0011001
01001
010001
10010011
011000
11000
011010000
101010
11000
101110
11110
001101
000111
001011
0011100
1011111
01010
00111100
11000
1111111
1101111
001101
00010111
11001
11000
000111
011111
1001000
000111
100110
0111000110
00000
0100001
10110
001101
11001
000111
01001
0110101
1011111
000100
001101
0110110
0001100
01011000
1000111
000100
00000
001010000
11000
1110111
01010
01110010
01011010
11010010
00000
00000
0011101
001011
0001010
111001100
10000
11110
001101
1101101
001000
10011111
001000
0110110
00000
01010
01010
011111
1110111
00010111
010001
01011010
00000
0101111
101110
11100010
01101001110
011111
01010
1101000
00100101
10110
011010000
0001100
100010101
11001
0011100
001101
01011010
111011010
00011010
111011001
000010
1101000
0110011100
001000
00111100
00100110
011101110
01010
11000
10000
111010001
1011111
011001010
11000
010001
1000111
0011100
0001010
000111
001000
01001
0001100
01011001111
01001
10110
0011101
1101111
100110
1010001
000011
00010111
1000100
11010010
111000011
11000
01001
01010
011000
00000
011110011
111011011
01010
11001
11011101
1111110
001100000
10110
11001
1010000
00111110
101110
01000001
00100101
01001
010001
000011
011001010
110101
110101
11100010
00010110
1010001
1101101
01001
001010001
11011001
11110
11000
000100
11000
10110
01001
0110011111
00101010
0011001
0110101
111000010
111001010
100110
00000
1111111
0100001
0110011101
0101101111
1010110
10011100
1001000
1011110
01110011
000100
10000
1111100
001100001
100110
0001010
111000111
1000100
11011001
00011011
101110
01001
100110
011100000
1000100
011101111
01110011
01010
001001110
11110
000010
10011111
001010111
101001
1111110
000111
11001
00011011
001000
01010
1000100
001000
000111
01001
011001101
1111101
0110101
00100100
001010111
01010
01010
10010011
101001
000100
11011100
00111111
110100111
11000
000111
0110101
01011001110
1001000
101010
100110
0110101
1010110
011001101
10000
00111100
10010100
0111000100
001011
1101000
1111110
0011101
001101
011000
1111101
010001
00000
11110
001010000
111001010
01011001000
0011001
